0 0.05078125 0.815625 0.09375 0.22109375
0 0.18359375 0.84296875 0.03984375 0.1765625
0 0.2703125 0.690625 0.090625 0.41015625
0 0.3875 0.57734375 0.0484375 0.721875
0 0.53203125 0.6578125 0.0984375 0.515625
0 0.8015625 0.44453125 0.115625 0.315625
0 0.6546875 0.66484375 0.14296875 0.48203125
0 0.92109375 0.84296875 0.1515625 0.11484375
0 0.959375 0.66328125 0.040625 0.22109375
0 0.09296875 0.58671875 0.05 0.2109375
0 0.5703125 0.24921875 0.1140625 0.2828125
0 0.6796875 0.34609375 0.0484375 0.13125
0 0.09296875 0.3140625 0.034375 0.05625