0 0.51953125 0.67734375 0.134375 0.23984375
0 0.14140625 0.275 0.2453125 0.1390625
0 0.23046875 0.4625 0.10390625 0.071875
0 0.225 0.53359375 0.109375 0.04765625
0 0.5734375 0.40703125 0.075 0.0609375
0 0.89453125 0.61328125 0.071875 0.06953125
0 0.871875 0.784375 0.1703125 0.21328125
0 0.69296875 0.765625 0.0796875 0.18125
0 0.671875 0.3375 0.04765625 0.08828125
0 0.7625 0.26953125 0.06953125 0.10703125
0 0.85703125 0.31875 0.03984375 0.05625
0 0.875 0.2390625 0.0796875 0.05625
0 0.80546875 0.134375 0.0796875 0.0984375