0 0.91796875 0.321875 0.09921875 0.2609375
0 0.66640625 0.2953125 0.04296875 0.1671875
0 0.7546875 0.7234375 0.090625 0.0921875
0 0.48125 0.8890625 0.06015625 0.1234375
0 0.4703125 0.63984375 0.03671875 0.06484375
0 0.446875 0.36796875 0.11953125 0.13359375
0 0.27734375 0.04140625 0.02109375 0.021875
0 0.0296875 0.58359375 0.059375 0.15
0 0.28828125 0.83046875 0.053125 0.1375
0 0.40625 0.93515625 0.025 0.07890625
0 0.2609375 0.58671875 0.025 0.053125
0 0.140625 0.7 0.07890625 0.0796875
0 0.63125 0.6375 0.0890625 0.11796875