0 0.746875 0.54296875 0.02578125 0.05
0 0.7734375 0.46328125 0.0125 0.01796875
0 0.74609375 0.47890625 0.01484375 0.01328125
0 0.765625 0.39921875 0.01015625 0.01640625
0 0.69140625 0.3546875 0.02421875 0.109375
0 0.653125 0.3640625 0.015625 0.08359375
0 0.62109375 0.36015625 0.01796875 0.0640625
0 0.58515625 0.41171875 0.04609375 0.09609375
0 0.4890625 0.43359375 0.05 0.07734375
0 0.42578125 0.4859375 0.025 0.03828125
0 0.39140625 0.50546875 0.0109375 0.021875
0 0.53125 0.584375 0.0265625 0.05859375
0 0.63125 0.54921875 0.02265625 0.05703125
0 0.60078125 0.53515625 0.00546875 0.0125
0 0.45 0.65546875 0.1140625 0.1109375
0 0.9703125 0.33828125 0.05859375 0.034375
0 0.8921875 0.3 0.0125 0.015625
0 0.83984375 0.3390625 0.0640625 0.09765625
0 0.21796875 0.6109375 0.053125 0.05
0 0.11328125 0.578125 0.05546875 0.05078125
0 0.1875 0.54296875 0.0921875 0.0859375