0 0.39609375 0.92578125 0.034375 0.06640625
0 0.2640625 0.89609375 0.07890625 0.06484375
0 0.15234375 0.8828125 0.1328125 0.1140625
0 0.11015625 0.76171875 0.17734375 0.11484375
0 0.1984375 0.64765625 0.0640625 0.0890625
0 0.11953125 0.66953125 0.06015625 0.05234375
0 0.3203125 0.684375 0.10390625 0.165625
0 0.50390625 0.70859375 0.08515625 0.1421875
0 0.66484375 0.63203125 0.1859375 0.19609375
0 0.9828125 0.521875 0.034375 0.090625
0 0.84296875 0.534375 0.05078125 0.071875
0 0.52109375 0.59375 0.03046875 0.04453125
0 0.2609375 0.696875 0.0171875 0.06015625
0 0.2234375 0.72265625 0.02734375 0.03125