0 0.14375 0.39375 0.08359375 0.24765625
0 0.3390625 0.46875 0.140625 0.30078125
0 0.503125 0.53125 0.06171875 0.090625
0 0.51875 0.3984375 0.04296875 0.07109375
0 0.63046875 0.58671875 0.05703125 0.1296875
0 0.434375 0.70078125 0.03125 0.1328125
0 0.59921875 0.7734375 0.09375 0.28984375
0 0.73046875 0.7140625 0.03671875 0.10859375
0 0.7484375 0.8015625 0.0421875 0.03671875
0 0.88046875 0.78203125 0.21484375 0.265625
0 0.78515625 0.453125 0.2359375 0.31171875
0 0.5125 0.15234375 0.16875 0.19765625
0 0.64140625 0.32734375 0.20078125 0.33984375
0 0.23203125 0.3046875 0.06484375 0.053125
0 0.22734375 0.425 0.015625 0.05625
0 0.26953125 0.47421875 0.03046875 0.065625
0 0.1125 0.5765625 0.05234375 0.0640625
0 0.475 0.6046875 0.08203125 0.13671875
0 0.503125 0.74921875 0.02265625 0.059375
0 0.5125 0.82890625 0.0296875 0.0328125